0 0.237884 0.902589 0.125288 0.106042
0 0.427465 0.712084 0.085723 0.067818
0 0.207386 0.473490 0.087372 0.064118
0 0.790965 0.989519 0.060996 0.020962
0 0.493406 0.936498 0.098912 0.048089
0 0.869270 0.854501 0.178041 0.212084
0 0.991509 0.754007 0.016981 0.067818
0 0.527201 0.463625 0.070887 0.041924
0 0.289813 0.180025 0.084075 0.054254
0 0.408507 0.314427 0.041213 0.036991
0 0.566765 0.377928 0.186284 0.097411
0 0.665677 0.294081 0.166501 0.055487
0 0.742334 0.123305 0.075832 0.098644
0 0.868446 0.081998 0.057698 0.040691
0 0.957467 0.049322 0.051104 0.036991
0 0.918726 0.014180 0.075832 0.028360