0 0.268758 0.240444 0.149772 0.113440
0 0.076194 0.516646 0.054313 0.041924
0 0.031102 0.574599 0.062204 0.061652
0 0.837230 0.364982 0.325540 0.244143
0 0.506583 0.874846 0.217252 0.085080
0 0.402072 0.734895 0.261690 0.182491
0 0.588053 0.159063 0.090522 0.056720
0 0.204570 0.384710 0.057605 0.056720
0 0.579001 0.231196 0.098751 0.048089
0 0.505760 0.309494 0.232065 0.086313
0 0.537032 0.463009 0.077355 0.057953
0 0.397957 0.406289 0.213960 0.092478
0 0.849743 0.670160 0.146480 0.087546
0 0.946848 0.599877 0.074063 0.053021
0 0.883483 0.781751 0.230419 0.128237
0 0.968898 0.697287 0.062204 0.043157