0 0.107898 0.276253 0.215795 0.404535
0 0.035059 0.709427 0.070118 0.573986
0 0.117932 0.649761 0.093841 0.251790
0 0.189877 0.926611 0.214494 0.146778
0 0.262716 0.819809 0.102778 0.057279
0 0.480785 0.955251 0.406645 0.079952
0 0.491956 0.883652 0.386090 0.068019
0 0.453526 0.835322 0.452225 0.033413
0 0.718069 0.592482 0.375365 0.180191
0 0.688576 0.492840 0.348553 0.038186
0 0.553624 0.311456 0.193045 0.181384
0 0.670255 0.460621 0.329785 0.021480
0 0.635846 0.437351 0.252031 0.025060
0 0.582670 0.751790 0.206451 0.150358
0 0.344939 0.292959 0.117078 0.189737
0 0.400350 0.444511 0.292248 0.106205
0 0.235457 0.340095 0.071498 0.109785
0 0.352535 0.584726 0.355703 0.183771
0 0.342704 0.743437 0.282417 0.150358