0 0.691741 0.145499 0.083938 0.078915
0 0.899941 0.081998 0.197502 0.151665
0 0.944210 0.206535 0.111580 0.097411
0 0.553490 0.114057 0.041146 0.043157
0 0.250654 0.265721 0.232065 0.154131
0 0.923806 0.866831 0.143189 0.108508
0 0.760044 0.811344 0.069126 0.041924
0 0.546907 0.575216 0.090522 0.080148
0 0.393843 0.570284 0.113564 0.082614
0 0.621793 0.935265 0.121793 0.129470
0 0.405364 0.794081 0.288023 0.249075
0 0.221029 0.831073 0.070771 0.059186
0 0.109111 0.789766 0.083938 0.075216
0 0.785555 0.731813 0.057605 0.038224
0 0.927752 0.708385 0.144496 0.163995
0 0.853034 0.504932 0.288023 0.178792
0 0.803659 0.323674 0.130022 0.112207
0 0.177414 0.498767 0.227127 0.136868
0 0.140382 0.101726 0.156356 0.107275