0 0.273492 0.783600 0.217200 0.205919
0 0.117108 0.969174 0.175001 0.061652
0 0.701685 0.945746 0.103015 0.091245
0 0.886615 0.974106 0.155143 0.051788
0 0.969061 0.855734 0.061878 0.120838
0 0.390159 0.391492 0.140249 0.131936
0 0.557713 0.379162 0.103015 0.060419
0 0.192197 0.537608 0.161348 0.167694
0 0.177924 0.122688 0.217200 0.107275
0 0.237499 0.039457 0.088121 0.049322
0 0.432358 0.101726 0.227129 0.188656
0 0.613564 0.049322 0.083156 0.083847
0 0.766225 0.085080 0.073227 0.049322
0 0.921367 0.036375 0.120391 0.070284
0 0.790427 0.196671 0.067022 0.070284
0 0.928104 0.208385 0.143792 0.212084
0 0.787944 0.485820 0.136525 0.081381
0 0.917644 0.382861 0.150178 0.104809